[[ 0.          3.80354861  5.25631982  5.21633712  6.61498367  8.50955557
  10.04462747 10.81403667 12.67230283 14.62655192 15.14950237 16.7478824
  18.65496827 20.13434253 21.54868035 22.43841501 20.89643233 20.78580273
  20.02559365 16.90827055 15.69955474 16.33523367 14.94849976 11.49270952
  11.94588557 13.09602024  9.92947355  7.94965792 10.97824913]
 [ 3.80354861  0.          3.80195397  5.43371779  5.2973953   5.86864363
   8.51182501  9.77057383 10.5642437  12.43763277 13.82901493 15.29956081
  16.55177921 18.39907696 20.20611059 20.59989529 19.3091845  18.62763724
  18.09491312 15.39955697 13.57060002 13.74394794 12.99403513  9.63413421
   9.02653123 10.41931044  7.8764612   4.86999271  7.63921946]
 [ 5.25631982  3.80195397  0.          3.79538918  5.59456048  4.88216817
   5.95060812  8.32283191  9.76050987 10.60804275 11.77805901 14.07277076
  15.25042652 16.3984652  18.51283125 19.41577436 18.67141328 18.4201351
  18.5866073  15.68102015 13.46996782 14.49567291 14.33510882 10.66074997
  10.16409593 12.62283368 10.72003643  7.42134226 10.28132316]
 [ 5.21633712  5.43371779  3.79538918  0.          3.80499934  5.3240602
   5.28823052  6.02269408  8.61113918 10.08945291 10.10657811 12.11639328
  14.15196064 15.18742486 16.6253732  17.87792664 16.69916719 17.057061
  16.95625124 13.60832738 12.11830013 13.75834212 12.95933494  9.16993942
  10.06458767 12.49259577 10.34865991  8.04685839 11.65606696]
 [ 6.61498367  5.2973953   5.59456048  3.80499934  0.          3.81313375
   5.64605225  4.99302954  6.22689762  8.8815904   9.45678725 10.39529038
  12.27885166 14.18961839 15.42664546 15.95097342 14.36110654 14.19543877
  13.68369263 10.56155737  9.11979901 10.24257829  9.25185549  5.47706135
   6.54199457  8.81328571  6.98215654  5.20566595  8.93772147]
 [ 8.50955557  5.86864363  4.88216817  5.3240602   3.81313375  0.
   3.80076269  5.34636783  5.19498171  6.59188357  8.48540948 10.06723264
  10.8398065  12.65818743 14.75529278 15.05885321 14.30190295 13.6702478
  14.01767302 11.4413643   8.7888563   9.81999364 10.27019557  6.81926829
   5.93059778  9.19540505  8.55885909  5.56158512  8.37425686]
 [10.04462747  8.51182501  5.95060812  5.28823052  5.64605225  3.80076269
   0.          3.81987775  5.37425809  5.16325769  5.90832794  8.66614978
   9.78791796 10.50191563 12.68235893 13.84993116 13.5884491  13.83440111
  14.82355673 11.92152767  9.40009096 11.63920212 12.25818567  8.83300091
   8.90115111 12.42908215 11.86014131  9.22597095 12.16903492]
 [10.81403667  9.77057383  8.32283191  6.02269408  4.99302954  5.34636783
   3.81987775  0.          3.81569941  5.49047685  4.63012926  6.09547882
   8.45316     9.6300134  10.73524988 11.89827269 10.81821654 11.55601584
  12.05561463  8.72388961  7.09340553  9.89677675  9.81202395  6.58809995
   8.16604268 11.35336166 10.84611405  9.38566172 12.63355504]
 [12.67230283 10.5642437   9.76050987  8.61113918  6.22689762  5.19498171
   5.37425809  3.81569941  0.          3.7908102   5.13792069  5.18848668
   6.12349688  8.58238254 10.09965316 10.04011688  9.11658461  8.72643134
   9.51429503  6.98711428  4.04284553  6.55059753  7.60997175  5.13712478
   5.56544886  9.08979807  9.83812147  8.55198117 10.94367786]
 [14.62655192 12.43763277 10.60804275 10.08945291  8.8815904   6.59188357
   5.16325769  5.49047685  3.7908102   0.          3.78854867  5.58407826
   4.99797699  6.22606537  8.96435798  9.34900406  9.89232597  9.75619957
  11.7615783   9.77210714  6.53725034  9.14667841 11.08757259  8.90105235
   8.50260013 12.25339892 13.20556527 11.23371043 13.28323473]
 [15.14950237 13.82901493 11.77805901 10.10657811  9.45678725  8.48540948
   5.90832794  4.63012926  5.13792069  3.78854867  0.          3.80158428
   5.39282644  5.1988894   6.81089561  8.56476912  8.80380929 10.12324163
  11.97668556  9.35009481  7.34820039 10.84884939 11.93427849  9.70553564
  10.6979785  14.19269742 14.64385724 13.13959859 15.81721126]
 [16.7478824  15.29956081 14.07277076 12.11639328 10.39529038 10.06723264
   8.66614978  6.09547882  5.18848668  5.58407826  3.80158428  0.
   3.78991161  5.28658529  5.21346909  5.91216585  5.11999502  6.76733788
   8.49415976  6.12076025  4.94105798  8.70240806  9.69177404  8.57152081
  10.10725141 13.0589866  14.07168163 13.49936665 15.89806413]
 [18.65496827 16.55177921 15.25042652 14.15196064 12.27885166 10.8398065
   9.78791796  8.45316     6.12349688  4.99797699  5.39282644  3.78991161
   0.          3.80805226  5.4392972   4.46355609  5.66518888  5.73763941
   8.76939257  7.87135287  5.42110266  8.36645696 10.72781683 10.12727352
  10.34851009 13.44827532 15.2429999  14.33954023 16.00650646]
 [20.13434253 18.39907696 16.3984652  15.18742486 14.18961839 12.65818743
  10.50191563  9.6300134   8.58238254  6.22606537  5.1988894   5.28658529
   3.80805226  0.          3.80424027  5.17418216  7.6008687   8.94395427
  12.08938865 10.873248    8.90541352 12.11813855 14.19984746 13.12830777
  13.56431122 16.90801996 18.30302139 17.02092653 19.00743862]
 [21.54868035 20.20611059 18.51283125 16.6253732  15.42664546 14.75529278
  12.68235893 10.73524988 10.09965316  8.96435798  6.81089561  5.21346909
   5.4392972   3.80424027  0.          3.81668927  5.61699644  8.37623865
  11.1440376   9.98545012  9.39252117 12.79910692 14.23814061 13.69919636
  14.98859016 17.89733866 19.22133575 18.59972752 20.80165731]
 [22.43841501 20.59989529 19.41577436 17.87792664 15.95097342 15.05885321
  13.84993116 11.89827269 10.04011688  9.34900406  8.56476912  5.91216585
   4.46355609  5.17418216  3.81668927  0.          3.78571526  5.32801229
   8.68327962  8.79333162  8.07952393 10.74632937 12.74817732 13.08971199
  13.90694064 16.43719277 18.43858067 18.1553545  19.76764796]
 [20.89643233 19.3091845  18.67141328 16.69916719 14.36110654 14.30190295
  13.5884491  10.81821654  9.11658461  9.89232597  8.80380929  5.11999502
   5.66518888  7.6008687   5.61699644  3.78571526  0.          3.80355978
   5.74724116  5.54180413  6.29892967  8.94650831 10.01296065 10.8061179
  12.39629146 14.38956059 16.19060607 16.56689992 18.35587443]
 [20.78580273 18.62763724 18.4201351  17.057061   14.19543877 13.6702478
  13.83440111 11.55601584  8.72643134  9.75619957 10.12324163  6.76733788
   5.73763941  8.94395427  8.37623865  5.32801229  3.80355978  0.
   3.80596348  5.44751044  5.09656394  6.29721367  8.37692652  9.90974848
  10.54685076 12.19938576 14.72461171 15.19539963 16.26476034]
 [20.02559365 18.09491312 18.5866073  16.95625124 13.68369263 14.01767302
  14.82355673 12.05561463  9.51429503 11.7615783  11.97668556  8.49415976
   8.76939257 12.08938865 11.1440376   8.68327962  5.74724116  3.80596348
   0.          3.8132199   5.50879025  5.47533141  5.96480058  8.60189985
   9.91725693 10.48870254 12.89034484 14.27423182 15.30233149]
 [16.90827055 15.39955697 15.68102015 13.60832738 10.56155737 11.4413643
  11.92152767  8.72388961  6.98711428  9.77210714  9.35009481  6.12076025
   7.87135287 10.873248    9.98545012  8.79333162  5.54180413  5.44751044
   3.8132199   0.          3.78994802  5.58872597  4.86021666  6.02076482
   8.44779764  9.6844228  11.10321224 12.20967231 14.10405279]
 [15.69955474 13.57060002 13.46996782 12.11830013  9.11979901  8.7888563
   9.40009096  7.09340553  4.04284553  6.53725034  7.34820039  4.94105798
   5.42110266  8.90541352  9.39252117  8.07952393  6.29892967  5.09656394
   5.50879025  3.78994802  0.          3.78191592  5.32870059  5.19815458
   6.11026031  8.54456371 10.366325   10.40217679 12.08342605]
 [16.33523367 13.74394794 14.49567291 13.75834212 10.24257829  9.81999364
  11.63920212  9.89677675  6.55059753  9.14667841 10.84884939  8.70240806
   8.36645696 12.11813855 12.79910692 10.74632937  8.94650831  6.29721367
   5.47533141  5.58872597  3.78191592  0.          3.81273839  5.42007703
   4.86356628  5.97534576  8.90152268  9.57367255 10.14574418]
 [14.94849976 12.99403513 14.33510882 12.95933494  9.25185549 10.27019557
  12.25818567  9.81202395  7.60997175 11.08757259 11.93427849  9.69177404
  10.72781683 14.19984746 14.23814061 12.74817732 10.01296065  8.37692652
   5.96480058  4.86021666  5.32870059  3.81273839  0.          3.79781529
   5.44458364  5.11512923  6.96492613  8.88313999 10.08228005]
 [11.49270952  9.63413421 10.66074997  9.16993942  5.47706135  6.81926829
   8.83300091  6.58809995  5.13712478  8.90105235  9.70553564  8.57152081
  10.12727352 13.12830777 13.69919636 13.08971199 10.8061179   9.90974848
   8.60189985  6.02076482  5.19815458  5.42007703  3.79781529  0.
   3.79646335  5.35533846  5.58539461  6.26397581  8.67602455]
 [11.94588557  9.02653123 10.16409593 10.06458767  6.54199457  5.93059778
   8.90115111  8.16604268  5.56544886  8.50260013 10.6979785  10.10725141
  10.34851009 13.56431122 14.98859016 13.90694064 12.39629146 10.54685076
   9.91725693  8.44779764  6.11026031  4.86356628  5.44458364  3.79646335
   0.          3.82156146  5.4567275   4.83287275  5.97816059]
 [13.09602024 10.41931044 12.62283368 12.49259577  8.81328571  9.19540505
  12.42908215 11.35336166  9.08979807 12.25339892 14.19269742 13.0589866
  13.44827532 16.90801996 17.89733866 16.43719277 14.38956059 12.19938576
  10.48870254  9.6844228   8.54456371  5.97534576  5.11512923  5.35533846
   3.82156146  0.          3.80191465  5.58504745  5.30292825]
 [ 9.92947355  7.8764612  10.72003643 10.34865991  6.98215654  8.55885909
  11.86014131 10.84611405  9.83812147 13.20556527 14.64385724 14.07168163
  15.2429999  18.30302139 19.22133575 18.43858067 16.19060607 14.72461171
  12.89034484 11.10321224 10.366325    8.90152268  6.96492613  5.58539461
   5.4567275   3.80191465  0.          3.80050576  5.1435687 ]
 [ 7.94965792  4.86999271  7.42134226  8.04685839  5.20566595  5.56158512
   9.22597095  9.38566172  8.55198117 11.23371043 13.13959859 13.49936665
  14.33954023 17.02092653 18.59972752 18.1553545  16.56689992 15.19539963
  14.27423182 12.20967231 10.40217679  9.57367255  8.88313999  6.26397581
   4.83287275  5.58504745  3.80050576  0.          3.80506439]
 [10.97824913  7.63921946 10.28132316 11.65606696  8.93772147  8.37425686
  12.16903492 12.63355504 10.94367786 13.28323473 15.81721126 15.89806413
  16.00650646 19.00743862 20.80165731 19.76764796 18.35587443 16.26476034
  15.30233149 14.10405279 12.08342605 10.14574418 10.08228005  8.67602455
   5.97816059  5.30292825  5.1435687   3.80506439  0.        ]]
[[ 0.          3.80354861  5.25631982  5.21633712  6.61498367  8.50955557
  10.04462747 10.81403667 12.67230283 14.62655192 15.14950237 16.7478824
  18.65496827 20.13434253 21.54868035 22.43841501 20.89643233 20.78580273
  20.02559365 16.90827055 15.69955474 16.33523367 14.94849976 11.49270952
  11.94588557 13.09602024  9.92947355  7.94965792 10.97824913]
 [ 3.80354861  0.          3.80195397  5.43371779  5.2973953   5.86864363
   8.51182501  9.77057383 10.5642437  12.43763277 13.82901493 15.29956081
  16.55177921 18.39907696 20.20611059 20.59989529 19.3091845  18.62763724
  18.09491312 15.39955697 13.57060002 13.74394794 12.99403513  9.63413421
   9.02653123 10.41931044  7.8764612   4.86999271  7.63921946]
 [ 5.25631982  3.80195397  0.          3.79538918  5.59456048  4.88216817
   5.95060812  8.32283191  9.76050987 10.60804275 11.77805901 14.07277076
  15.25042652 16.3984652  18.51283125 19.41577436 18.67141328 18.4201351
  18.5866073  15.68102015 13.46996782 14.49567291 14.33510882 10.66074997
  10.16409593 12.62283368 10.72003643  7.42134226 10.28132316]
 [ 5.21633712  5.43371779  3.79538918  0.          3.80499934  5.3240602
   5.28823052  6.02269408  8.61113918 10.08945291 10.10657811 12.11639328
  14.15196064 15.18742486 16.6253732  17.87792664 16.69916719 17.057061
  16.95625124 13.60832738 12.11830013 13.75834212 12.95933494  9.16993942
  10.06458767 12.49259577 10.34865991  8.04685839 11.65606696]
 [ 6.61498367  5.2973953   5.59456048  3.80499934  0.          3.81313375
   5.64605225  4.99302954  6.22689762  8.8815904   9.45678725 10.39529038
  12.27885166 14.18961839 15.42664546 15.95097342 14.36110654 14.19543877
  13.68369263 10.56155737  9.11979901 10.24257829  9.25185549  5.47706135
   6.54199457  8.81328571  6.98215654  5.20566595  8.93772147]
 [ 8.50955557  5.86864363  4.88216817  5.3240602   3.81313375  0.
   3.80076269  5.34636783  5.19498171  6.59188357  8.48540948 10.06723264
  10.8398065  12.65818743 14.75529278 15.05885321 14.30190295 13.6702478
  14.01767302 11.4413643   8.7888563   9.81999364 10.27019557  6.81926829
   5.93059778  9.19540505  8.55885909  5.56158512  8.37425686]
 [10.04462747  8.51182501  5.95060812  5.28823052  5.64605225  3.80076269
   0.          3.81987775  5.37425809  5.16325769  5.90832794  8.66614978
   9.78791796 10.50191563 12.68235893 13.84993116 13.5884491  13.83440111
  14.82355673 11.92152767  9.40009096 11.63920212 12.25818567  8.83300091
   8.90115111 12.42908215 11.86014131  9.22597095 12.16903492]
 [10.81403667  9.77057383  8.32283191  6.02269408  4.99302954  5.34636783
   3.81987775  0.          3.81569941  5.49047685  4.63012926  6.09547882
   8.45316     9.6300134  10.73524988 11.89827269 10.81821654 11.55601584
  12.05561463  8.72388961  7.09340553  9.89677675  9.81202395  6.58809995
   8.16604268 11.35336166 10.84611405  9.38566172 12.63355504]
 [12.67230283 10.5642437   9.76050987  8.61113918  6.22689762  5.19498171
   5.37425809  3.81569941  0.          3.7908102   5.13792069  5.18848668
   6.12349688  8.58238254 10.09965316 10.04011688  9.11658461  8.72643134
   9.51429503  6.98711428  4.04284553  6.55059753  7.60997175  5.13712478
   5.56544886  9.08979807  9.83812147  8.55198117 10.94367786]
 [14.62655192 12.43763277 10.60804275 10.08945291  8.8815904   6.59188357
   5.16325769  5.49047685  3.7908102   0.          3.78854867  5.58407826
   4.99797699  6.22606537  8.96435798  9.34900406  9.89232597  9.75619957
  11.7615783   9.77210714  6.53725034  9.14667841 11.08757259  8.90105235
   8.50260013 12.25339892 13.20556527 11.23371043 13.28323473]
 [15.14950237 13.82901493 11.77805901 10.10657811  9.45678725  8.48540948
   5.90832794  4.63012926  5.13792069  3.78854867  0.          3.80158428
   5.39282644  5.1988894   6.81089561  8.56476912  8.80380929 10.12324163
  11.97668556  9.35009481  7.34820039 10.84884939 11.93427849  9.70553564
  10.6979785  14.19269742 14.64385724 13.13959859 15.81721126]
 [16.7478824  15.29956081 14.07277076 12.11639328 10.39529038 10.06723264
   8.66614978  6.09547882  5.18848668  5.58407826  3.80158428  0.
   3.78991161  5.28658529  5.21346909  5.91216585  5.11999502  6.76733788
   8.49415976  6.12076025  4.94105798  8.70240806  9.69177404  8.57152081
  10.10725141 13.0589866  14.07168163 13.49936665 15.89806413]
 [18.65496827 16.55177921 15.25042652 14.15196064 12.27885166 10.8398065
   9.78791796  8.45316     6.12349688  4.99797699  5.39282644  3.78991161
   0.          3.80805226  5.4392972   4.46355609  5.66518888  5.73763941
   8.76939257  7.87135287  5.42110266  8.36645696 10.72781683 10.12727352
  10.34851009 13.44827532 15.2429999  14.33954023 16.00650646]
 [20.13434253 18.39907696 16.3984652  15.18742486 14.18961839 12.65818743
  10.50191563  9.6300134   8.58238254  6.22606537  5.1988894   5.28658529
   3.80805226  0.          3.80424027  5.17418216  7.6008687   8.94395427
  12.08938865 10.873248    8.90541352 12.11813855 14.19984746 13.12830777
  13.56431122 16.90801996 18.30302139 17.02092653 19.00743862]
 [21.54868035 20.20611059 18.51283125 16.6253732  15.42664546 14.75529278
  12.68235893 10.73524988 10.09965316  8.96435798  6.81089561  5.21346909
   5.4392972   3.80424027  0.          3.81668927  5.61699644  8.37623865
  11.1440376   9.98545012  9.39252117 12.79910692 14.23814061 13.69919636
  14.98859016 17.89733866 19.22133575 18.59972752 20.80165731]
 [22.43841501 20.59989529 19.41577436 17.87792664 15.95097342 15.05885321
  13.84993116 11.89827269 10.04011688  9.34900406  8.56476912  5.91216585
   4.46355609  5.17418216  3.81668927  0.          3.78571526  5.32801229
   8.68327962  8.79333162  8.07952393 10.74632937 12.74817732 13.08971199
  13.90694064 16.43719277 18.43858067 18.1553545  19.76764796]
 [20.89643233 19.3091845  18.67141328 16.69916719 14.36110654 14.30190295
  13.5884491  10.81821654  9.11658461  9.89232597  8.80380929  5.11999502
   5.66518888  7.6008687   5.61699644  3.78571526  0.          3.80355978
   5.74724116  5.54180413  6.29892967  8.94650831 10.01296065 10.8061179
  12.39629146 14.38956059 16.19060607 16.56689992 18.35587443]
 [20.78580273 18.62763724 18.4201351  17.057061   14.19543877 13.6702478
  13.83440111 11.55601584  8.72643134  9.75619957 10.12324163  6.76733788
   5.73763941  8.94395427  8.37623865  5.32801229  3.80355978  0.
   3.80596348  5.44751044  5.09656394  6.29721367  8.37692652  9.90974848
  10.54685076 12.19938576 14.72461171 15.19539963 16.26476034]
 [20.02559365 18.09491312 18.5866073  16.95625124 13.68369263 14.01767302
  14.82355673 12.05561463  9.51429503 11.7615783  11.97668556  8.49415976
   8.76939257 12.08938865 11.1440376   8.68327962  5.74724116  3.80596348
   0.          3.8132199   5.50879025  5.47533141  5.96480058  8.60189985
   9.91725693 10.48870254 12.89034484 14.27423182 15.30233149]
 [16.90827055 15.39955697 15.68102015 13.60832738 10.56155737 11.4413643
  11.92152767  8.72388961  6.98711428  9.77210714  9.35009481  6.12076025
   7.87135287 10.873248    9.98545012  8.79333162  5.54180413  5.44751044
   3.8132199   0.          3.78994802  5.58872597  4.86021666  6.02076482
   8.44779764  9.6844228  11.10321224 12.20967231 14.10405279]
 [15.69955474 13.57060002 13.46996782 12.11830013  9.11979901  8.7888563
   9.40009096  7.09340553  4.04284553  6.53725034  7.34820039  4.94105798
   5.42110266  8.90541352  9.39252117  8.07952393  6.29892967  5.09656394
   5.50879025  3.78994802  0.          3.78191592  5.32870059  5.19815458
   6.11026031  8.54456371 10.366325   10.40217679 12.08342605]
 [16.33523367 13.74394794 14.49567291 13.75834212 10.24257829  9.81999364
  11.63920212  9.89677675  6.55059753  9.14667841 10.84884939  8.70240806
   8.36645696 12.11813855 12.79910692 10.74632937  8.94650831  6.29721367
   5.47533141  5.58872597  3.78191592  0.          3.81273839  5.42007703
   4.86356628  5.97534576  8.90152268  9.57367255 10.14574418]
 [14.94849976 12.99403513 14.33510882 12.95933494  9.25185549 10.27019557
  12.25818567  9.81202395  7.60997175 11.08757259 11.93427849  9.69177404
  10.72781683 14.19984746 14.23814061 12.74817732 10.01296065  8.37692652
   5.96480058  4.86021666  5.32870059  3.81273839  0.          3.79781529
   5.44458364  5.11512923  6.96492613  8.88313999 10.08228005]
 [11.49270952  9.63413421 10.66074997  9.16993942  5.47706135  6.81926829
   8.83300091  6.58809995  5.13712478  8.90105235  9.70553564  8.57152081
  10.12727352 13.12830777 13.69919636 13.08971199 10.8061179   9.90974848
   8.60189985  6.02076482  5.19815458  5.42007703  3.79781529  0.
   3.79646335  5.35533846  5.58539461  6.26397581  8.67602455]
 [11.94588557  9.02653123 10.16409593 10.06458767  6.54199457  5.93059778
   8.90115111  8.16604268  5.56544886  8.50260013 10.6979785  10.10725141
  10.34851009 13.56431122 14.98859016 13.90694064 12.39629146 10.54685076
   9.91725693  8.44779764  6.11026031  4.86356628  5.44458364  3.79646335
   0.          3.82156146  5.4567275   4.83287275  5.97816059]
 [13.09602024 10.41931044 12.62283368 12.49259577  8.81328571  9.19540505
  12.42908215 11.35336166  9.08979807 12.25339892 14.19269742 13.0589866
  13.44827532 16.90801996 17.89733866 16.43719277 14.38956059 12.19938576
  10.48870254  9.6844228   8.54456371  5.97534576  5.11512923  5.35533846
   3.82156146  0.          3.80191465  5.58504745  5.30292825]
 [ 9.92947355  7.8764612  10.72003643 10.34865991  6.98215654  8.55885909
  11.86014131 10.84611405  9.83812147 13.20556527 14.64385724 14.07168163
  15.2429999  18.30302139 19.22133575 18.43858067 16.19060607 14.72461171
  12.89034484 11.10321224 10.366325    8.90152268  6.96492613  5.58539461
   5.4567275   3.80191465  0.          3.80050576  5.1435687 ]
 [ 7.94965792  4.86999271  7.42134226  8.04685839  5.20566595  5.56158512
   9.22597095  9.38566172  8.55198117 11.23371043 13.13959859 13.49936665
  14.33954023 17.02092653 18.59972752 18.1553545  16.56689992 15.19539963
  14.27423182 12.20967231 10.40217679  9.57367255  8.88313999  6.26397581
   4.83287275  5.58504745  3.80050576  0.          3.80506439]
 [10.97824913  7.63921946 10.28132316 11.65606696  8.93772147  8.37425686
  12.16903492 12.63355504 10.94367786 13.28323473 15.81721126 15.89806413
  16.00650646 19.00743862 20.80165731 19.76764796 18.35587443 16.26476034
  15.30233149 14.10405279 12.08342605 10.14574418 10.08228005  8.67602455
   5.97816059  5.30292825  5.1435687   3.80506439  0.        ]]
